&NUBEAM_RUN
  DT_NUBEAM = 0.02 
  NSTEP = 20 
  NAVG = 10 
/

&NBI_CONFIG
  NBEAM = 14 
  ABEAMA = 2.0 2.0 2.0 2.0 2.0 2.0 2.0 2.0 2.0 2.0 2.0 2.0 2.0 2.0 
  XZBEAMA = 1.0 1.0 1.0 1.0 1.0 1.0 1.0 1.0 1.0 1.0 1.0 1.0 1.0 1.0 
  PINJA = 2233993.5 1727426.0 433883.4375 433883.4375 433883.4375  
    433883.4375 436975.71875 436975.71875 436975.71875 436975.71875 0.0  
    0.0 2063682.0 2142039.25 
  EINJA = 81820.625 80227.7265625 81570.9921875 81570.9921875  
    81570.9921875 81570.9921875 81415.1796875 81415.1796875  
    81415.1796875 81415.1796875 20000.0 20000.0 81004.03125  
    81170.4921875 
  FFULLA = 0.5506452236625536 0.5479289942087268 0.5502709079256696  
    0.5502709079256696 0.5502709079256696 0.5502709079256696  
    0.5500275095797871 0.5500275095797871 0.5500275095797871  
    0.5500275095797871 0.20974625128998212 0.20974625128998212  
    0.5493494385670931 0.5496302056753557 
  FHALFA = 0.2940330019913758 0.29085240281905517 0.2935425456798255  
    0.2935425456798255 0.2935425456798255 0.2935425456798255  
    0.29323488434234657 0.29323488434234657 0.29323488434234657  
    0.29323488434234657 0.15157287360448962 0.15157287360448962  
    0.29241745566845445 0.2927493772405399 
  NLCO = .true. .true. .true. .true. .true. .true. .true. .true. .true.  
    .true. .false. .false. .true. .true. 
  NBSHAPA = 1 1 1 1 1 1 1 1 1 1 1 1 1 1 
  BMWIDRA = 6.0 6.0 5.0 5.0 5.0 5.0 5.0 5.0 5.0 5.0 6.0 6.0 6.0 6.0 
  BMWIDZA = 24.0 24.0 6.0 6.0 6.0 6.0 6.0 6.0 6.0 6.0 24.0 24.0 24.0  
    24.0 
  FOCLRA = 1e+33 1e+33 1e+33 1e+33 1e+33 1e+33 1e+33 1e+33 1e+33 1e+33  
    1e+33 1e+33 1e+33 1e+33 
  FOCLZA = 1000.0 1000.0 1e+33 1e+33 1e+33 1e+33 1e+33 1e+33 1e+33  
    1e+33 1000.0 1000.0 1000.0 1000.0 
  DIVRA = 0.00873 0.00873 0.008726646259971648 0.008726646259971648  
    0.008726646259971648 0.008726646259971648 0.008726646259971648  
    0.008726646259971648 0.008726646259971648 0.008726646259971648  
    0.00873 0.00873 0.00873 0.00873 
  DIVZA = 0.0227 0.0227 0.017453292519943295 0.017453292519943295  
    0.017453292519943295 0.017453292519943295 0.022689280275926284  
    0.022689280275926284 0.022689280275926284 0.022689280275926284  
    0.0227 0.0227 0.0227 0.0227 
  RTCENA = 114.6 76.2 118.66661838879793 118.65853050562781  
    118.65105110699342 118.6441021951745 72.14449630889216  
    72.13706871813012 72.13000687619625 72.12342434828949 76.2 114.6  
    114.6 76.2 
  XLBTNA = 802.8 817.3 856.6109310720889 856.0152081681287  
    854.7122596324501 854.1077308477977 873.1014125622279  
    872.3113459889971 870.8817506241377 870.1650174939687 817.3 802.8  
    802.8 817.3 
  XYBSCA = 0.0 0.0 189.60001731149453 178.10000638428008  
    166.69999717329006 155.09999539972478 189.7000081489866  
    178.30000045255042 166.80000327541572 155.19991381567732 0.0 0.0  
    0.0 0.0 
  XLBAPA = 186.1 186.1 482.8994769987586 482.97090801288965  
    482.97090801288965 482.8994769987586 482.8994769987586  
    482.97090801288965 482.97090801288965 482.8994769987586 186.1 186.1  
    186.1 186.1 
  XYBAPA = 0.0 0.0 39.18454842057159 35.28703875336953  
    32.731083143887986 28.860659644581332 39.29038794968059  
    35.45171102755276 32.81065315043941 28.9681917782556 0.0 0.0 0.0  
    0.0 
  NBAPSHA = 1 1 1 1 1 1 1 1 1 1 1 1 1 1 
  RAPEDGA = 8.85 8.85 14.33496713042772 14.33496713042772  
    14.33496713042772 14.33496713042772 14.33496713042772  
    14.33496713042772 14.33496713042772 14.33496713042772 8.85 8.85  
    8.85 8.85 
  XZPEDGA = 24.0 24.0 18.983492601285832 18.98912507314224  
    18.98912507314224 18.983492601285832 18.983492601285832  
    18.98912507314224 18.98912507314224 18.983492601285832 24.0 24.0  
    24.0 24.0 
  XRAPOFFA = 0.0 0.0 2.118934693388905 2.118934693388905  
    2.118934693388905 2.118934693388905 2.118934693388905  
    2.118934693388905 2.118934693388905 2.118934693388905 0.0 0.0 0.0  
    0.0 
  XZAPOFFA = 0.0 0.0 -4.506662780262783 -0.515234332949909  
    2.2118537524766957 6.202778955901568 -4.506662780262783  
    -0.515234332949909 2.2118537524766957 6.202778955901568 0.0 0.0 0.0  
    0.0 
  NBAPSH2 = 0 0 1 1 1 1 1 1 1 1 0 0 0 0 
  RAPEDG2 = 0.0 0.0 50.0 50.0 50.0 50.0 50.0 50.0 50.0 50.0 0.0 0.0 0.0  
    0.0 
  XZPEDG2 = 0.0 0.0 50.0 50.0 50.0 50.0 50.0 50.0 50.0 50.0 0.0 0.0 0.0  
    0.0 
  XLBAPA2 = 0.0 0.0 631.5269105894963 632.1117662641881  
    632.080904873319 632.5025803657268 627.1480641295151  
    627.643948634666 627.6095317089893 628.0205551093088 0.0 0.0 0.0  
    0.0 
  XRAPOFF2 = 0.0 0.0 0.0 0.0 0.0 0.0 0.0 0.0 0.0 0.0 0.0 0.0 0.0 0.0 
  XZAPOFF2 = 0.0 0.0 29.660521627025123 31.363440609914324  
    31.179802199098663 32.798507574505706 28.18899432976919  
    29.888229393004412 29.866060219828785 31.516998600650187 0.0 0.0  
    0.0 0.0 
/

&NBI_INIT
  WGHTA = 20.0 
  NZONES = 20 
  NZONE_FB = 10 
  NZNBMA = 50 
  NZNBME = 100 
  NPTCLS = 5000 
  NDEP0 = 5000 
  NSIGEXC = 1 
  NMCURB = 4 
  NSEED = 410338673 
  NLTEST_OUTPUT = 0 
  NSDBGB = 2 
/

&NBI_UPDATE
  NLTEST_OUTPUT = 0 
  NBBCX_BB = 0 
/

&NBI_MODEL
  DIFB_0 = 0.0 
  DIFB_A = 0.0 
  DIFB_IN = 2 
  DIFB_OUT = 2 
  NKDIFB = 3 
/

