&INSTATE
  MODEL_SHAPE = 0 
  DENSITY_MODEL = 0 
  R0 = 1.69550002 
  IP = 0.91836611588 
  B0 = 1.8884119903999999 
  N_ION = 1 
  Z_ION = 1 
  A_ION = 2 
  F_ION = 1.0 
  N_IMP = 1 
  Z_IMP = 6 
  A_IMP = 12 
  F_IMP = 1.0 
  N_MIN = 0 
  Z_MIN = 1 
  A_MIN = 1 
  N_BEAM = 1 
  Z_BEAM = 1 
  A_BEAM = 2 
  N_FUSION = 1 
  Z_FUSION = 2 
  A_FUSION = 4 
  NRHO = 101 
  RHO = 0.0 0.01 0.02 0.03 0.04 0.05 0.06 0.07 0.08 0.09 0.1 0.11 0.12  
    0.13 0.14 0.15 0.16 0.17 0.18 0.19 0.2 0.21 0.22 0.23 0.24 0.25  
    0.26 0.27 0.28 0.29 0.3 0.31 0.32 0.33 0.34 0.35000000000000003  
    0.36 0.37 0.38 0.39 0.4 0.41000000000000003 0.42 0.43 0.44 0.45  
    0.46 0.47000000000000003 0.48 0.49 0.5 0.51 0.52 0.53 0.54 0.55  
    0.56 0.5700000000000001 0.58 0.59 0.6 0.61 0.62 0.63 0.64 0.65 0.66  
    0.67 0.68 0.6900000000000001 0.7000000000000001 0.71 0.72 0.73 0.74  
    0.75 0.76 0.77 0.78 0.79 0.8 0.81 0.8200000000000001  
    0.8300000000000001 0.84 0.85 0.86 0.87 0.88 0.89 0.9 0.91 0.92 0.93  
    0.9400000000000001 0.9500000000000001 0.96 0.97 0.98 0.99 1.0 
  NE = 5.79526050567627 5.792055759429932 5.7826440811157225  
    5.767329978942871 5.746417026519776 5.7202096366882325  
    5.689011859893799 5.65312780380249 5.612861289978027  
    5.568516826629638 5.520398578643799 5.468810195922852  
    5.414055938720703 5.356440010070801 5.2962664604187015  
    5.23383939743042 5.169462852478027 5.103441047668457  
    5.036077861785889 4.967677764892578 4.898544502258301  
    4.828982410430908 4.759295349121094 4.6897875022888185  
    4.620763092041016 4.552526187896729 4.485380897521972  
    4.419622211456299 4.355517864227295 4.293303079605103  
    4.233175821304322 4.175308341979981 4.119858951568603  
    4.066964836120605 4.01673620223999 3.969279813766479  
    3.924690589904785 3.8830298137664796 3.8443442440032958  
    3.8086392402648928 3.77587947845459 3.7460230731964113  
    3.7190143203735353 3.694791440963745 3.6732916259765624  
    3.6544424152374266 3.6381605434417725 3.62435152053833  
    3.6129153537750245 3.6037512111663816 3.596748695373535  
    3.5917887687683105 3.588749771118164 3.5874911022186278  
    3.5878588581085205 3.5896982955932617 3.592855110168457  
    3.597175064086914 3.60250319480896 3.6086856651306154  
    3.6155628490448 3.6229628467559816 3.6307118797302245  
    3.638636236190796 3.6465533638000487 3.6542562007904054  
    3.661525354385376 3.668141222000122 3.6738844394683836  
    3.678534984588623 3.681871004104614 3.683650312423706  
    3.683621006011963 3.681531324386597 3.677129154205322  
    3.6701534843444823 3.660309705734253 3.647264280319214  
    3.6306710910797118 3.6101869678497316 3.5854437828063963  
    3.556017417907715 3.521490793228149 3.4814491558074945  
    3.435478239059448 3.3831633567810058 3.324090404510498  
    3.2578456592559815 3.1840435886383056 3.1024317646026613  
    3.012962522506714 2.915731258392334 2.8109981536865236  
    2.699155559539795 2.5806967258453355 2.45636354446411  
    2.327058267593384 2.1936864280700683 2.0571818113327027  
    1.9185727787017823 1.778911542892456 
  TE = 3.763607454299927 3.7634708976745603 3.7630419826507566  
    3.762291917800903 3.7611920642852783 3.7597134494781494  
    3.7578275108337404 3.7555054950714113 3.7527185440063477  
    3.749437780380249 3.745634717941284 3.741280345916748  
    3.7363460159301756 3.730802936553955 3.72462251663208  
    3.7177756690979002 3.7102338600158693 3.701969614028931  
    3.6929607582092285 3.6831866931915282 3.672626371383667  
    3.661259117126465 3.6490668201446534 3.6360443782806398  
    3.6221904277801515 3.607504186630249 3.5919844055175782  
    3.5756297492980957 3.5584393692016603 3.5404118347167968  
    3.5215460777282717 3.501841402053833 3.4812963962554933  
    3.4599095249176024 3.4376804351806642 3.414607276916504  
    3.390689659118652 3.3659284591674803 3.3403249263763426  
    3.313880453109741 3.2865958976745606 3.258472957611084  
    3.229512777328491 3.1997165298461914 3.1690855407714844  
    3.1376211166381838 3.1053244400024416 3.0721965503692625  
    3.0382395935058595 3.0034591007232665 2.9678648376464842  
    2.9314715671539306 2.8942921924591065 2.856335220336914  
    2.817612285614014 2.7781357288360597 2.737920160293579  
    2.6969887065887446 2.655374002456665 2.6131118965148925  
    2.570241775512695 2.5268094730377197 2.4828614139556886  
    2.4384381580352783 2.3935812091827393 2.3483314895629883  
    2.3027303504943846 2.256825952529907 2.210684394836426  
    2.1644018459320065 2.1181632947921747 2.0721979999542235  
    2.026732530593872 1.9819934225082398 1.9381811428070068  
    1.8954149436950685 1.8537872982025148 1.8137284517288208  
    1.7763243627548218 1.7421843004226685 1.7105453205108643  
    1.6800355052947997 1.6499953031539913 1.6190916299819942  
    1.5840984630584716 1.5424014902114869 1.492911047935486  
    1.4351889371871949 1.3692796230316162 1.2953917431831359  
    1.2137972021102905 1.1248141884803773 1.0288339686393737  
    0.9263430166244507 0.8179523491859424 0.7043542575836168  
    0.5863208615779877 0.4646816772222519 0.34025002479553224  
    0.213714439868927 0.08579368948936462 
  TI = 6.9227790260314945 6.919938735961914 6.911524391174316  
    6.897696113586425 6.878614139556885 6.854438571929932  
    6.825329418182373 6.791446723937988 6.752950763702392  
    6.71000150680542 6.662759017944336 6.611383628845215  
    6.556035308837891 6.496874160766602 6.434060249328613  
    6.367753391265869 6.298114566802979 6.225302906036377  
    6.149479122161865 6.07080307006836 5.98943510055542  
    5.905534954071045 5.819262828826904 5.730778560638428  
    5.640243320465088 5.547816219329834 5.453657646179199  
    5.357927570343017 5.2607862091064455 5.162393798828125  
    5.062910289764404 4.96249568939209 4.861310424804688  
    4.759514122009278 4.657267284393311 4.554730110168456  
    4.452061996459961 4.349423961639404 4.246975727081299  
    4.144877071380615 4.043288354873657 3.942369813919067  
    3.842281627655029 3.7431833076477052 3.645235710144043  
    3.548598575592041 3.4534316539764403 3.359895839691162  
    3.2681506729125975 3.178356256484985 3.0906729984283445  
    3.0052609920501707 2.922280054092407 2.8418903446197508  
    2.764251766204834 2.689525032043457 2.6178699493408204  
    2.5494464969635002 2.4844105434417725 2.4229047679901123  
    2.3650691986083983 2.311045055389404 2.2609723567962647  
    2.2149831295013427 2.1731474113464357 2.135452165603638  
    2.101813564300537 2.0720770835876463 2.045991973876953  
    2.023213381767273 2.0033581590652467 1.9860100555419922  
    1.970712480545044 1.9570028257369996 1.944418249130249  
    1.9324959754943847 1.920773320198059 1.9087873935699462  
    1.8960755491256713 1.8821748781204224 1.8666228342056275  
    1.8489565086364745 1.828713388442993 1.8054471921920774  
    1.7787357187271118 1.7481632661819457 1.7133514976501465  
    1.6739621305465697 1.6297319078445434 1.5805404567718506  
    1.5263710165023803 1.4673390007019043 1.4037299489974975  
    1.3359300327301025 1.2644050216674796 1.1896789836883537  
    1.1122853779792785 1.0327573132514953 0.9516291832923889  
    0.8694340491294861 0.786705414056778 
  OMEGA = 129184.02375 129091.055 128817.5559375 128371.6225 127761.375  
    126994.910625 126080.3384375 125025.7596875 123839.284375  
    122529.0196875 121103.0690625 119569.5390625 117936.5346875  
    116212.1640625 114404.53125 112521.744375 110571.9103125  
    108563.126875 106503.5096875 104401.160625 102263.9490625  
    100099.0059375 97912.7903125 95711.2959375 93500.0246875  
    91284.2634375 89068.988125 86859.1290625 84659.6321875 82475.419375  
    80311.17625 78171.41 76060.214375 73980.8153125 71936.011875  
    69928.32624999998 67960.07515625 66032.94171875 64148.3434375  
    62307.40578125 60510.89890625 58759.560156249994 57054.0615625  
    55394.8421875 53782.308125 52216.76375 50698.28828125  
    49226.88937499999 47802.4453125 46424.72109375 45093.44546875  
    43808.34421875 42569.125 41375.4140625 40226.5740625 39121.71875  
    38059.61078125 37038.58335937499 36056.795 35112.172421875  
    34202.47671875 33325.46796875 32478.903828125 31660.5384375  
    30868.129609375 30099.43546875 29352.205703125 28624.208515625  
    27913.19671875 27216.925312499992 26533.151718749992  
    25859.635078125 25194.126328125 24534.391953125 23878.183203125  
    23223.258125 22567.37453125 21908.288671875 21243.7565625  
    20571.53234375 19889.379921875 19195.054453125 18486.317734374992  
    17760.96457031249 17016.8103125 16251.8298046875 15464.2773828125  
    14652.581171875 13815.413828125 12952.079453125 12062.35861328125  
    11146.47541015625 10204.864921875 9238.109033203125  
    8247.28203124999 7233.695666503894 6199.493129882812  
    5147.655203857422 4081.707735824585 3005.311268310547  
    1922.869208984375 
  ZEFF = 2.2601170635223387 2.255747299194336 2.248171854019165  
    2.239133806228638 2.2290356159210205 2.2180758190155028  
    2.2063106632232667 2.1937927341461183 2.180573034286499  
    2.1667034912109373 2.152236738204956 2.13722752571106  
    2.1217319679260256 2.1058109474182127 2.089528350830078  
    2.0729533863067626 2.056160497665405 2.0392322826385496  
    2.022256841659546 2.005332851409912 1.9885601615905761  
    1.9720396757125855 1.9558765411376953 1.9401826858520508  
    1.925040102005005 1.9105191564559936 1.8966850662231445  
    1.8835908555984497 1.8712771224975586 1.8597716474533081  
    1.8491094541549682 1.8393174028396606 1.8304215860366821  
    1.8224463891983032 1.8154107189178468 1.8093244886398316  
    1.804162950515747 1.7998859262466431 1.7964513492584229  
    1.793818368911743 1.7919537544250488 1.7908194303512572  
    1.790378155708313 1.790584511756897 1.7913860654830933  
    1.7927216243743898 1.7945293235778808 1.7967497062683107  
    1.7993166303634645 1.8021655416488647 1.8052337884902954  
    1.808453450202942 1.8117658233642577 1.8151059436798096  
    1.8184188175201417 1.8216481161117555 1.8247353076934814  
    1.8276307249069215 1.830286784172058 1.832654776573181  
    1.8346907234191894 1.8363515996932984 1.8375970792770386  
    1.8383901119232178 1.8386996793746948 1.838508677482605  
    1.837810230255127 1.8366003942489624 1.8348779821395873  
    1.8326479387283325 1.8299121713638307 1.8266812658309937  
    1.8229692363739014 1.818789644241333 1.8141595554351806  
    1.8091010665893554 1.803651638031006 1.7978598880767822  
    1.7917770862579345 1.7854571723937989 1.7789603614807128  
    1.772355422973633 1.765711784362793 1.759105019569397  
    1.7526142597198486 1.7463224744796753 1.7403200674057007  
    1.7347020149230956 1.729570016860962 1.7250178956985474  
    1.7211170101165771 1.717931833267212 1.7155120754241944  
    1.7138991165161133 1.713135757446289 1.7132337379455567  
    1.714201250076294 1.716080641746521 1.7189412355422973  
    1.7228792428970336 1.7281005191802978 
  J_TOT = 1.048730268 1.0480342440000001 1.0461001800000003 1.043158048  
    1.039438128 1.035170668 1.030585932 1.0259140159999998 1.021385112  
    1.017229004 1.0135562679999999 1.0101341519999998  
    1.0066505719999999 1.0027997880000001 0.9984399039999999  
    0.993663276 0.9885891440000001 0.9832700240000001  
    0.9776833319999999 0.97180526 0.965640088 0.9592030000000001  
    0.9525067439999998 0.9455584679999999 0.938359996  
    0.9309142279999999 0.9232243479999999 0.9152950599999999  
    0.9071432079999999 0.8987820440000001 0.890209112 0.881429396  
    0.872459204 0.8633071279999999 0.853976008 0.844472728  
    0.8348046879999999 0.824979008 0.815004452 0.8048895079999998  
    0.794641556 0.7842676679999997 0.7737750600000001  
    0.7631718200000001 0.7524661599999999 0.741665212 0.73077618  
    0.7198061879999996 0.7087624880000001 0.6976526480000002  
    0.686483884 0.6752628720000001 0.663996316 0.6526913079999999  
    0.64135472 0.6299931599999998 0.618613112 0.6072209039999998  
    0.595823028 0.584425596 0.573034924 0.5616568839999999 0.550297596  
    0.5389630480000001 0.5276590119999998 0.516391336  
    0.5051655240000001 0.49398685999999997 0.48286053199999995  
    0.4717915319999999 0.46078492 0.449845616 0.43897840000000005  
    0.42818813599999994 0.41747984400000004 0.406858448  
    0.39632905599999985 0.385896988 0.375567072 0.36534391199999994  
    0.3552315519999999 0.345233572 0.33535316399999987  
    0.3255931079999998 0.315955732 0.30644247199999997 0.297054712  
    0.2877944639999999 0.27866108000000006 0.269661004 0.26080004  
    0.252039272 0.24343325200000002 0.23510734000000003  
    0.2265863599999999 0.2178409039999999 0.21104276800000002  
    0.20449844400000003 0.18973804039999997 0.1639919356  
    0.13249330080000005 
  P_EQ = 117929.22 117891.948 117780.576 117595.76400000002  
    117338.18800000001 117008.49999999999 116607.384 116135.49200000003  
    115593.504 114982.07999999999 114302.024 113554.592 112741.084  
    111862.868 110921.468 109918.66399999999 108856.29999999999  
    107736.256 106560.448 105330.83999999998 104049.492 102718.692  
    101341.00279999999 99918.89640000001 98454.61159999999 96950.0908  
    95407.1516 93828.10240000002 92215.6984 90572.46359999997  
    88900.72119999999 87202.7764 85481.07 83738.22200000001  
    81976.77279999999 80199.06799999997 78407.31799999998 76603.8308  
    74791.0668 72971.40639999999 71147.03880000001 69320.02359999999  
    67492.47800000002 65666.5728 63844.385200000004 62027.857200000006  
    60218.835999999996 58419.129599999986 56630.54919999999  
    54854.83159999999 53093.60960000001 51348.4028 49620.688799999996  
    47911.9024 46223.4068 44556.4564 42912.2308 41291.850799999986  
    39696.36000000001 38126.7284 36583.87039999999 35068.597200000004  
    33581.6576 32123.7304 30695.438399999988 29297.3484 27929.932  
    26593.6052 25288.7128 24015.552399999986 22774.367999999984  
    21565.332800000004 20388.5664 19244.1296 18132.038400000005  
    17052.2656 16004.7424 14989.354800000003 14005.941599999995  
    13054.3276 12134.287599999998 11245.566 10387.86471999999  
    9560.88599999999 8764.299919999998 7997.738399999999  
    7260.803640000002 6553.094879999999 5874.2447600000005  
    5223.853759999999 4601.522959999999 4007.02964 3439.9786799999997  
    2899.8433600000003 2387.675679999995 1903.548639999995  
    1442.3120000000001 1009.270752 627.6665800000001 299.9207639999999  
    4.8828136e-06 
  NBDRY = 84 
  RBDRY = 1.18349614 1.18065378 1.18065255 1.18343049 1.18587446  
    1.19227454 1.2009605 1.211875 1.21928227 1.23771003 1.25138804  
    1.27057374 1.2998318 1.3446875 1.37125 1.424375 1.4775 1.530625  
    1.58375 1.636875 1.6634375 1.7165625 1.75954861 1.79625 1.83966075  
    1.8759375 1.90572077 1.955625 1.9821875 2.00875 2.04952316  
    2.08573502 2.115 2.1415625 2.168125 2.19301675 2.21376465  
    2.23289967 2.24998589 2.274375 2.28292397 2.28577473 2.274375  
    2.26158639 2.2478125 2.22125 2.19554466 2.17422242 2.15043965  
    2.12366742 2.09326473 2.061875 2.0353125 2.00875 1.97536432  
    1.9290625 1.9025 1.87580939 1.8228125 1.79625 1.75166578 1.7165625  
    1.67597216 1.636875 1.58634851 1.5571875 1.5040625 1.46640887  
    1.424375 1.37125 1.30626572 1.29388845 1.28729144 1.27508147 1.265  
    1.25412844 1.23984303 1.23260415 1.21916896 1.211875 1.20162253  
    1.19262482 1.18600414 1.18349614 
  ZBDRY = -0.1 0.0 0.1 0.2 0.25 0.35 0.45 0.545936896 0.6 0.7 0.75 0.8  
    0.85 0.893777353 0.909734914 0.926770306 0.931862067 0.92920717  
    0.920293307 0.905091318 0.895025159 0.872990592 0.85 0.829305168  
    0.8 0.774218464 0.75 0.705334248 0.678456334 0.648963621 0.6 0.55  
    0.505375456 0.458789823 0.406210471 0.35 0.3 0.25 0.2 0.104871468  
    0.05 -0.05 -0.139616152 -0.2 -0.251043105 -0.330858318 -0.4 -0.45  
    -0.5 -0.55 -0.6 -0.644943098 -0.680295669 -0.712963181 -0.75  
    -0.798382606 -0.825191981 -0.85 -0.895208397 -0.917244926 -0.95  
    -0.975121273 -1.0 -1.02394159 -1.05 -1.06460334 -1.08645576 -1.1  
    -1.11672433 -1.13262806 -1.14544355 -1.05 -1.0 -0.9 -0.828298331  
    -0.75 -0.65 -0.6 -0.5 -0.441032571 -0.35 -0.25 -0.15 -0.1 
  NLIM = 86 
  RLIM = 1.016 1.016 1.016 1.016 1.016 1.016 1.016 1.016 1.016 1.016  
    1.016 1.012 1.001 1.029 1.042 1.046 1.056 1.097 1.108 1.116 1.134  
    1.148 1.162 1.181 1.182 1.185 1.19 1.195 1.201 1.209 1.215 1.222  
    1.228 1.234 1.239 1.242 1.248 1.258 1.263 1.28 1.28 1.28 1.31 1.328  
    1.361 1.38 1.419 1.419 1.372 1.372 1.608 1.647 1.785 2.07 2.128  
    2.245 2.323 2.377 2.3625 2.364435 2.364969 2.365324 2.365121  
    2.364842 2.364334 2.3625 2.377 2.134 1.786 1.768 1.768 1.682 1.372  
    1.372 1.42 1.42 1.273 1.153 1.016 1.016 1.016 1.016 1.016 1.016  
    1.016 1.016 
  ZLIM = 0.0 0.964 0.968 1.001 1.019 1.077 1.07 1.096 1.113 1.138 1.147  
    1.165 1.217 1.217 1.1624 1.16238 1.1626 1.1645 1.16594 1.16591  
    1.16896 1.17175 1.17556 1.183 1.1835 1.185 1.188 1.191 1.196 1.202  
    1.208 1.214 1.221 1.231 1.238 1.244 1.254 1.278 1.29 1.331 1.347  
    1.348 1.348 1.348 1.348 1.348 1.348 1.31 1.31 1.292 1.095 1.077  
    1.077 1.04 0.993 0.709 0.519 0.389 0.4 0.222 0.133 0.044 -0.044  
    -0.133 -0.222 -0.4 -0.389 -0.973 -1.174 -1.211 -1.25 -1.25 -1.25  
    -1.329 -1.329 -1.363 -1.363 -1.363 -1.223 -1.223 -0.83 -0.8 -0.415  
    -0.4 -0.001 0.0 
/

